canvas 0 0 800 800
shape background rectangle
shape B0 rectangle
shape B1 rectangle
shape B2 rectangle
shape B3 rectangle

shape star0 ellipse
shape star1 ellipse
shape star2 ellipse
shape star3 ellipse
shape star4 ellipse
shape star5 ellipse
shape star6 ellipse
shape star7 ellipse
shape star8 ellipse
shape star9 ellipse
shape star10 ellipse
shape star11 ellipse
shape star12 ellipse
shape star13 ellipse
shape star14 ellipse
shape star15 ellipse
shape star16 ellipse
shape star17 ellipse
shape star18 ellipse
shape star19 ellipse
shape star20 ellipse
shape star21 ellipse
shape star22 ellipse
shape star23 ellipse
shape star24 ellipse
shape star25 ellipse
shape star26 ellipse
shape star27 ellipse
shape star28 ellipse
shape star29 ellipse
shape star30 ellipse
shape star31 ellipse
shape star32 ellipse
shape star33 ellipse
shape star34 ellipse
shape star35 ellipse
shape star36 ellipse
shape star37 ellipse
shape star38 ellipse
shape star39 ellipse
motion background 1 0 0 800 800 33 94 248 1 0 0 800 800 33 94 248
motion background 1 0 0 800 800 33 94 248 50 0 0 800 800 33 94 248
motion background 50 0 0 800 800 33 94 248 90 0 0 800 800 16 45 248
motion background 90 0 0 800 800 16 45 248 200 0 0 800 800 16 45 248
motion B0 1 80 424 100 326 0 0 0 1 80 424 100 326 0 0 0
motion B0 1 80 424 100 326 0 0 0 200 80 424 100 326 0 0 0
motion B1 1 260 365 100 385 0 0 0 1 260 365 100 385 0 0 0
motion B1 1 260 365 100 385 0 0 0 200 260 365 100 385 0 0 0
motion B2 1 440 375 100 375 0 0 0 1 440 375 100 375 0 0 0
motion B2 1 440 375 100 375 0 0 0 200 440 375 100 375 0 0 0
motion B3 1 620 445 100 305 0 0 0 1 620 445 100 305 0 0 0
motion B3 1 620 445 100 305 0 0 0 200 620 445 100 305 0 0 0
motion star0 108 223 66 6 6 255 255 255 108 223 66 6 6 255 255 255
motion star0 108 223 66 6 6 255 255 255 200 223 66 6 6 255 255 255
motion star1 120 585 211 6 6 255 255 255 120 585 211 6 6 255 255 255
motion star1 120 585 211 6 6 255 255 255 200 585 211 6 6 255 255 255
motion star2 110 489 77 6 6 255 255 255 110 489 77 6 6 255 255 255
motion star2 110 489 77 6 6 255 255 255 200 489 77 6 6 255 255 255
motion star3 93 374 286 6 6 255 255 255 93 374 286 6 6 255 255 255
motion star3 93 374 286 6 6 255 255 255 200 374 286 6 6 255 255 255
motion star4 83 708 281 6 6 255 255 255 83 708 281 6 6 255 255 255
motion star4 83 708 281 6 6 255 255 255 200 708 281 6 6 255 255 255
motion star5 97 508 260 6 6 255 255 255 97 508 260 6 6 255 255 255
motion star5 97 508 260 6 6 255 255 255 200 508 260 6 6 255 255 255
motion star6 92 529 70 6 6 255 255 255 92 529 70 6 6 255 255 255
motion star6 92 529 70 6 6 255 255 255 200 529 70 6 6 255 255 255
motion star7 117 332 65 6 6 255 255 255 117 332 65 6 6 255 255 255
motion star7 117 332 65 6 6 255 255 255 200 332 65 6 6 255 255 255
motion star8 86 311 147 6 6 255 255 255 86 311 147 6 6 255 255 255
motion star8 86 311 147 6 6 255 255 255 200 311 147 6 6 255 255 255
motion star9 88 170 281 6 6 255 255 255 88 170 281 6 6 255 255 255
motion star9 88 170 281 6 6 255 255 255 200 170 281 6 6 255 255 255
motion star10 90 719 102 6 6 255 255 255 90 719 102 6 6 255 255 255
motion star10 90 719 102 6 6 255 255 255 200 719 102 6 6 255 255 255
motion star11 129 524 264 6 6 255 255 255 129 524 264 6 6 255 255 255
motion star11 129 524 264 6 6 255 255 255 200 524 264 6 6 255 255 255
motion star12 86 768 194 6 6 255 255 255 86 768 194 6 6 255 255 255
motion star12 86 768 194 6 6 255 255 255 200 768 194 6 6 255 255 255
motion star13 113 766 179 6 6 255 255 255 113 766 179 6 6 255 255 255
motion star13 113 766 179 6 6 255 255 255 200 766 179 6 6 255 255 255
motion star14 98 510 78 6 6 255 255 255 98 510 78 6 6 255 255 255
motion star14 98 510 78 6 6 255 255 255 200 510 78 6 6 255 255 255
motion star15 114 621 149 6 6 255 255 255 114 621 149 6 6 255 255 255
motion star15 114 621 149 6 6 255 255 255 200 621 149 6 6 255 255 255
motion star16 106 491 252 6 6 255 255 255 106 491 252 6 6 255 255 255
motion star16 106 491 252 6 6 255 255 255 200 491 252 6 6 255 255 255
motion star17 89 405 63 6 6 255 255 255 89 405 63 6 6 255 255 255
motion star17 89 405 63 6 6 255 255 255 200 405 63 6 6 255 255 255
motion star18 113 550 267 6 6 255 255 255 113 550 267 6 6 255 255 255
motion star18 113 550 267 6 6 255 255 255 200 550 267 6 6 255 255 255
motion star19 94 108 197 6 6 255 255 255 94 108 197 6 6 255 255 255
motion star19 94 108 197 6 6 255 255 255 200 108 197 6 6 255 255 255
motion star20 103 737 78 6 6 255 255 255 103 737 78 6 6 255 255 255
motion star20 103 737 78 6 6 255 255 255 200 737 78 6 6 255 255 255
motion star21 126 795 137 6 6 255 255 255 126 795 137 6 6 255 255 255
motion star21 126 795 137 6 6 255 255 255 200 795 137 6 6 255 255 255
motion star22 89 184 125 6 6 255 255 255 89 184 125 6 6 255 255 255
motion star22 89 184 125 6 6 255 255 255 200 184 125 6 6 255 255 255
motion star23 96 134 230 6 6 255 255 255 96 134 230 6 6 255 255 255
motion star23 96 134 230 6 6 255 255 255 200 134 230 6 6 255 255 255
motion star24 120 244 153 6 6 255 255 255 120 244 153 6 6 255 255 255
motion star24 120 244 153 6 6 255 255 255 200 244 153 6 6 255 255 255
motion star25 112 259 119 6 6 255 255 255 112 259 119 6 6 255 255 255
motion star25 112 259 119 6 6 255 255 255 200 259 119 6 6 255 255 255
motion star26 106 322 269 6 6 255 255 255 106 322 269 6 6 255 255 255
motion star26 106 322 269 6 6 255 255 255 200 322 269 6 6 255 255 255
motion star27 117 412 182 6 6 255 255 255 117 412 182 6 6 255 255 255
motion star27 117 412 182 6 6 255 255 255 200 412 182 6 6 255 255 255
motion star28 119 674 137 6 6 255 255 255 119 674 137 6 6 255 255 255
motion star28 119 674 137 6 6 255 255 255 200 674 137 6 6 255 255 255
motion star29 96 46 246 6 6 255 255 255 96 46 246 6 6 255 255 255
motion star29 96 46 246 6 6 255 255 255 200 46 246 6 6 255 255 255
motion star30 123 388 315 6 6 255 255 255 123 388 315 6 6 255 255 255
motion star30 123 388 315 6 6 255 255 255 200 388 315 6 6 255 255 255
motion star31 121 185 236 6 6 255 255 255 121 185 236 6 6 255 255 255
motion star31 121 185 236 6 6 255 255 255 200 185 236 6 6 255 255 255
motion star32 109 550 232 6 6 255 255 255 109 550 232 6 6 255 255 255
motion star32 109 550 232 6 6 255 255 255 200 550 232 6 6 255 255 255
motion star33 94 656 101 6 6 255 255 255 94 656 101 6 6 255 255 255
motion star33 94 656 101 6 6 255 255 255 200 656 101 6 6 255 255 255
motion star34 84 283 111 6 6 255 255 255 84 283 111 6 6 255 255 255
motion star34 84 283 111 6 6 255 255 255 200 283 111 6 6 255 255 255
motion star35 92 649 326 6 6 255 255 255 92 649 326 6 6 255 255 255
motion star35 92 649 326 6 6 255 255 255 200 649 326 6 6 255 255 255
motion star36 115 691 267 6 6 255 255 255 115 691 267 6 6 255 255 255
motion star36 115 691 267 6 6 255 255 255 200 691 267 6 6 255 255 255
motion star37 99 113 276 6 6 255 255 255 99 113 276 6 6 255 255 255
motion star37 99 113 276 6 6 255 255 255 200 113 276 6 6 255 255 255
motion star38 99 604 302 6 6 255 255 255 99 604 302 6 6 255 255 255
motion star38 99 604 302 6 6 255 255 255 200 604 302 6 6 255 255 255
motion star39 127 462 162 6 6 255 255 255 127 462 162 6 6 255 255 255
motion star39 127 462 162 6 6 255 255 255 200 462 162 6 6 255 255 255
